997798
864546
425905
479707
679445
528429
504556
357965
886861
304536
573414
591676
160514
792465
313109
761859
948871
269788
900064
978752
756340
980328
615300
710902
809751
629599
379190
691324
642013
564306
730645
191753
585625
993651
570205
991145
363078
761269
321058
45868
804978
154244
491076
356198
743499
841647
453774
921830
331764
75283
679840
166961
193517
214171
136849
33737
882228
925490
374299
832961
63685
355777
240473
285540
525060
415289
807734
424316
347750
676763
929243
183423
551576
624192
485113
672551
532208
386503
142027
60468
9824
761374
678306
458948
137387
161794
462497
803488
898356
840407
884505
245566
911478
938202
345609
410219
60585
516149
216981
27435
440414
877014
143383
533542
283040
805852
863091
815206
882999
611201
919237
282836
119543
877603
486709
424174
988907
848648
667692
746848
81810
597442
895087
162095
326722
53034
41790
887900
303350
434754
599509
328818
889636
973621
754011
397937
377672
5019
694928
34976
714004
194479
512268
459014
92316
695351
869190
810412
449976
943805
91684
854418
357459
992459
462863
658285
773386
924139
998898
672827
234019
182365
210165
603129
819331
183149
487728
561599
79152
507934
498594
527385
627096
612191
883827
203868
887855
422374
158887
950111
96587
363748
967661
869969
625196
529139
684658
261219
797948
340402
446129
922712
62027
270842
437614
334891
812688
551177
979360
224352
284377
980430
730331
127580
458501
105970
546142
175338
585888
201659
183797
284271
482933
325533
580723
13413
102932
468033
735155
269064
508955
308510
121395
976080
841361
311198
258587
155416
805294
260460
793275
68657
875382
540859
664218
638849
2778
326898
474586
829668
594553
85138
575557
894312
845517
969241
81538
22236
10670
281869
53497
700512
832512
963309
896225
775022
381076
266026
656054
584972
455338
292037
293120
514635
811407
250690
83138
213114
489185
774276
405343
883159
905735
572105
814553
778573
150547
300315
981841
20524
771844
301725
18895
290733
502889
887117
2595
34990
103511
240444
696149
493290
795835
597066
213003
477225
359478
221593
80429
871040
